# a simple MSR reactor deck
c to do - fix densities
10000      2 -1
          -10000 -10001
               imp:n=1 vol=1
10001      1 -1
          -10000 10001
               imp:n=1 vol=1
10002      0   
           10000
               imp:n=0 

*10000 rpp  -.5 .5 -.5 .5 -.5 1.5 
10001 pz .5

c <<<<<<<<<<<<<<<<<<<<<< Burn card
BURN  TIME=73,73,73,73,73,73,73,73,73,73,
           73,73,73,73,73,73,73,73,73,73,
           73,73,73,73,73,73,73,73,73,73,
           73,73,73,73,73,73,73,73,73,73,
           73,73,73,73,73,73,73,73,73,73,
           73,73,73,73,73,73,73,73,73,73,
           73,73,73,73,73,73,73,73,73,73,
           73,73,73,73,73,73,73,73,73,73,
           73,73,73,73,73,73,73,73,73,73,
           73,73,73,73,73,73,73,73,73,73
       MAT=1 2
       POWER=0
       BOPT=1.0, -04
       PFRAC=0,0,0,0,0,0,0,0,0,0,0,0,0,0,0,0,0,0,0,0
       AFMIN=1e-24 1e-9
       OMIT= 2,6,
                  7016,8018,8019,9018,
                   88227,89228
             1,6,
                  7016,8018,8019,9018,
                   88227,89228
c <<<<<<<<<<<<<<<<<<<<<< Li
m2         03006.70c 0.0005
           03007.70c 0.9995
c <<<<<<<<<<<<<<<<<<<<<< Fuel:
m1         91232.72c   6.61E-013
           91233.72c   1.17E-010
           92234.72c   1.92E-005
           92235.72c   7.17E-002
           92236.72c   3.36E-002
           92237.72c   6.16E-005
           92238.72c   5.82E+000
           92239.72c   3.51E-006
           93235.72c   5.20E-011
           93236.72c   1.46E-008
           93237.72c   3.14E-003
           93238.72c   8.82E-006
           93239.72c   5.06E-004
           94236.72c   1.93E-009
           94237.72c   3.03E-009
           94238.72c   1.13E-003
           94239.72c   3.72E-002
           94240.72c   1.56E-002
           94241.72c   9.10E-003
           94242.72c   3.28E-003
c <<<<<<<<<<<<<<<<<<<<<< kcode:
kcode 100 1.0 2 32 
ksrc   0  0  0

